==========================================================================================
n_gen  |  n_eval  | n_nds  |     cv_min    |     cv_avg    |      eps      |   indicator  
==========================================================================================
     1 |      200 |      5 |  0.000000E+00 |  1.320000E+05 |             - |             -
     2 |      400 |      4 |  0.000000E+00 |  4.800000E+04 |  0.6653408175 |         ideal
     3 |      600 |      7 |  0.000000E+00 |  1.000000E+04 |  0.1993727599 |         ideal
     4 |      800 |      7 |  0.000000E+00 |  0.000000E+00 |  0.0216755357 |             f
     5 |     1000 |      9 |  0.000000E+00 |  0.000000E+00 |  0.3305741266 |         ideal
     6 |     1200 |      8 |  0.000000E+00 |  0.000000E+00 |  0.0750468647 |             f
     7 |     1400 |      8 |  0.000000E+00 |  0.000000E+00 |  0.1479808846 |         ideal
     8 |     1600 |     10 |  0.000000E+00 |  0.000000E+00 |  0.0277538536 |             f
     9 |     1800 |     12 |  0.000000E+00 |  0.000000E+00 |  0.1258148631 |         ideal
    10 |     2000 |     10 |  0.000000E+00 |  0.000000E+00 |  0.0770156438 |         ideal
    11 |     2200 |     15 |  0.000000E+00 |  0.000000E+00 |  0.0216916081 |             f
    12 |     2400 |     12 |  0.000000E+00 |  0.000000E+00 |  0.0192547255 |             f
    13 |     2600 |     21 |  0.000000E+00 |  0.000000E+00 |  0.0080276519 |         ideal
    14 |     2800 |     19 |  0.000000E+00 |  0.000000E+00 |  0.0136222072 |             f
    15 |     3000 |     22 |  0.000000E+00 |  0.000000E+00 |  0.1675204540 |         ideal
    16 |     3200 |     27 |  0.000000E+00 |  0.000000E+00 |  0.0017787576 |             f
    17 |     3400 |     31 |  0.000000E+00 |  0.000000E+00 |  0.0075714701 |             f
    18 |     3600 |     32 |  0.000000E+00 |  0.000000E+00 |  0.000000E+00 |             f
    19 |     3800 |     36 |  0.000000E+00 |  0.000000E+00 |  0.0018448771 |             f
    20 |     4000 |     38 |  0.000000E+00 |  0.000000E+00 |  0.0015843285 |             f
    21 |     4200 |     41 |  0.000000E+00 |  0.000000E+00 |  0.0043908170 |             f
    22 |     4400 |     45 |  0.000000E+00 |  0.000000E+00 |  0.0019669713 |             f
    23 |     4600 |     48 |  0.000000E+00 |  0.000000E+00 |  0.0018440356 |             f
    24 |     4800 |     49 |  0.000000E+00 |  0.000000E+00 |  0.0018064022 |             f
    25 |     5000 |     49 |  0.000000E+00 |  0.000000E+00 |  0.0018064022 |             f
    26 |     5200 |     50 |  0.000000E+00 |  0.000000E+00 |  0.0017702742 |             f
    27 |     5400 |     51 |  0.000000E+00 |  0.000000E+00 |  0.0023784228 |             f
    28 |     5600 |     55 |  0.000000E+00 |  0.000000E+00 |  0.0034090431 |             f
    29 |     5800 |     57 |  0.000000E+00 |  0.000000E+00 |  0.000000E+00 |             f
    30 |     6000 |     56 |  0.000000E+00 |  0.000000E+00 |  0.0007889464 |             f
    31 |     6200 |     57 |  0.000000E+00 |  0.000000E+00 |  0.0011366594 |             f
    32 |     6400 |     56 |  0.000000E+00 |  0.000000E+00 |  0.0011935448 |             f
    33 |     6600 |     57 |  0.000000E+00 |  0.000000E+00 |  0.0011726054 |             f
    34 |     6800 |     57 |  0.000000E+00 |  0.000000E+00 |  0.0011726054 |             f
    35 |     7000 |     57 |  0.000000E+00 |  0.000000E+00 |  0.0011726054 |             f
    36 |     7200 |     57 |  0.000000E+00 |  0.000000E+00 |  0.0011726054 |             f
    37 |     7400 |     57 |  0.000000E+00 |  0.000000E+00 |  0.0011726054 |             f
    38 |     7600 |     57 |  0.000000E+00 |  0.000000E+00 |  0.0011726054 |             f
    39 |     7800 |     57 |  0.000000E+00 |  0.000000E+00 |  0.0011726054 |             f
    40 |     8000 |     57 |  0.000000E+00 |  0.000000E+00 |  0.0279394645 |         nadir
    41 |     8200 |     57 |  0.000000E+00 |  0.000000E+00 |  0.0004288967 |             f
    42 |     8400 |     57 |  0.000000E+00 |  0.000000E+00 |  0.0004288967 |             f
    43 |     8600 |     57 |  0.000000E+00 |  0.000000E+00 |  0.0004288967 |             f
    44 |     8800 |     57 |  0.000000E+00 |  0.000000E+00 |  0.0004288967 |             f
    45 |     9000 |     57 |  0.000000E+00 |  0.000000E+00 |  0.0004288967 |             f
    46 |     9200 |     57 |  0.000000E+00 |  0.000000E+00 |  0.0004288967 |             f
    47 |     9400 |     58 |  0.000000E+00 |  0.000000E+00 |  0.0004215020 |             f
    48 |     9600 |     58 |  0.000000E+00 |  0.000000E+00 |  0.0004215020 |             f
    49 |     9800 |     58 |  0.000000E+00 |  0.000000E+00 |  0.0004215020 |             f
    50 |    10000 |     58 |  0.000000E+00 |  0.000000E+00 |  0.0004215020 |             f
    51 |    10200 |     57 |  0.000000E+00 |  0.000000E+00 |  0.0003921614 |             f
    52 |    10400 |     58 |  0.000000E+00 |  0.000000E+00 |  0.0003854000 |             f
    53 |    10600 |     58 |  0.000000E+00 |  0.000000E+00 |  0.0003854000 |             f
    54 |    10800 |     58 |  0.000000E+00 |  0.000000E+00 |  0.0003854000 |             f
    55 |    11000 |     58 |  0.000000E+00 |  0.000000E+00 |  0.0003854000 |             f
    56 |    11200 |     58 |  0.000000E+00 |  0.000000E+00 |  0.0003854000 |             f
    57 |    11400 |     55 |  0.000000E+00 |  0.000000E+00 |  0.0006604173 |             f
    58 |    11600 |     55 |  0.000000E+00 |  0.000000E+00 |  0.0006604173 |             f
    59 |    11800 |     55 |  0.000000E+00 |  0.000000E+00 |  0.0006604173 |             f
    60 |    12000 |     55 |  0.000000E+00 |  0.000000E+00 |  0.0006604173 |             f
    61 |    12200 |     55 |  0.000000E+00 |  0.000000E+00 |  0.0006604173 |             f
    62 |    12400 |     55 |  0.000000E+00 |  0.000000E+00 |  0.0006604173 |             f
    63 |    12600 |     55 |  0.000000E+00 |  0.000000E+00 |  0.0006604173 |             f
    64 |    12800 |     55 |  0.000000E+00 |  0.000000E+00 |  0.0006604173 |             f
    65 |    13000 |     56 |  0.000000E+00 |  0.000000E+00 |  0.0010477884 |             f
    66 |    13200 |     56 |  0.000000E+00 |  0.000000E+00 |  0.0010477884 |             f
    67 |    13400 |     56 |  0.000000E+00 |  0.000000E+00 |  0.0010477884 |             f
    68 |    13600 |     56 |  0.000000E+00 |  0.000000E+00 |  0.0010477884 |             f
    69 |    13800 |     56 |  0.000000E+00 |  0.000000E+00 |  0.0010477884 |             f
    70 |    14000 |     57 |  0.000000E+00 |  0.000000E+00 |  0.0012744895 |             f
    71 |    14200 |     57 |  0.000000E+00 |  0.000000E+00 |  0.0012744895 |             f
    72 |    14400 |     57 |  0.000000E+00 |  0.000000E+00 |  0.0012744895 |             f
    73 |    14600 |     58 |  0.000000E+00 |  0.000000E+00 |  0.0014195582 |             f
    74 |    14800 |     58 |  0.000000E+00 |  0.000000E+00 |  0.0014195582 |             f
    75 |    15000 |     58 |  0.000000E+00 |  0.000000E+00 |  0.0014195582 |             f
    76 |    15200 |     58 |  0.000000E+00 |  0.000000E+00 |  0.0014195582 |             f
    77 |    15400 |     58 |  0.000000E+00 |  0.000000E+00 |  0.0014195582 |             f
    78 |    15600 |     58 |  0.000000E+00 |  0.000000E+00 |  0.0014195582 |             f
    79 |    15800 |     58 |  0.000000E+00 |  0.000000E+00 |  0.0014195582 |             f
    80 |    16000 |     58 |  0.000000E+00 |  0.000000E+00 |  0.0014195582 |             f
    81 |    16200 |     58 |  0.000000E+00 |  0.000000E+00 |  0.0014195582 |             f
    82 |    16400 |     58 |  0.000000E+00 |  0.000000E+00 |  0.0014195582 |             f
    83 |    16600 |     58 |  0.000000E+00 |  0.000000E+00 |  0.0014195582 |             f
    84 |    16800 |     58 |  0.000000E+00 |  0.000000E+00 |  0.0014195582 |             f
    85 |    17000 |     58 |  0.000000E+00 |  0.000000E+00 |  0.0014195582 |             f
    86 |    17200 |     58 |  0.000000E+00 |  0.000000E+00 |  0.0014195582 |             f
    87 |    17400 |     58 |  0.000000E+00 |  0.000000E+00 |  0.0014195582 |             f
    88 |    17600 |     58 |  0.000000E+00 |  0.000000E+00 |  0.0014195582 |             f
    89 |    17800 |     59 |  0.000000E+00 |  0.000000E+00 |  0.0016322734 |             f
    90 |    18000 |     59 |  0.000000E+00 |  0.000000E+00 |  0.0016322734 |             f
    91 |    18200 |     59 |  0.000000E+00 |  0.000000E+00 |  0.0016322734 |             f
    92 |    18400 |     59 |  0.000000E+00 |  0.000000E+00 |  0.0016322734 |             f
    93 |    18600 |     59 |  0.000000E+00 |  0.000000E+00 |  0.0016322734 |             f
    94 |    18800 |     59 |  0.000000E+00 |  0.000000E+00 |  0.0016322734 |             f
    95 |    19000 |     60 |  0.000000E+00 |  0.000000E+00 |  0.0018378981 |             f
    96 |    19200 |     60 |  0.000000E+00 |  0.000000E+00 |  0.0018378981 |             f
    97 |    19400 |     60 |  0.000000E+00 |  0.000000E+00 |  0.0018378981 |             f
    98 |    19600 |     60 |  0.000000E+00 |  0.000000E+00 |  0.0018378981 |             f
    99 |    19800 |     60 |  0.000000E+00 |  0.000000E+00 |  0.0018378981 |             f
   100 |    20000 |     60 |  0.000000E+00 |  0.000000E+00 |  0.0018378981 |             f
   101 |    20200 |     60 |  0.000000E+00 |  0.000000E+00 |  0.0018378981 |             f
   102 |    20400 |     60 |  0.000000E+00 |  0.000000E+00 |  0.0018378981 |             f
   103 |    20600 |     60 |  0.000000E+00 |  0.000000E+00 |  0.0018378981 |             f
   104 |    20800 |     60 |  0.000000E+00 |  0.000000E+00 |  0.0018378981 |             f
   105 |    21000 |     60 |  0.000000E+00 |  0.000000E+00 |  0.0018378981 |             f
   106 |    21200 |     61 |  0.000000E+00 |  0.000000E+00 |  0.0679253472 |         nadir
   107 |    21400 |     61 |  0.000000E+00 |  0.000000E+00 |  0.000000E+00 |             f
   108 |    21600 |     61 |  0.000000E+00 |  0.000000E+00 |  0.000000E+00 |             f
   109 |    21800 |     61 |  0.000000E+00 |  0.000000E+00 |  0.000000E+00 |             f
   110 |    22000 |     61 |  0.000000E+00 |  0.000000E+00 |  0.000000E+00 |             f
   111 |    22200 |     61 |  0.000000E+00 |  0.000000E+00 |  0.000000E+00 |             f
   112 |    22400 |     61 |  0.000000E+00 |  0.000000E+00 |  0.000000E+00 |             f
   113 |    22600 |     61 |  0.000000E+00 |  0.000000E+00 |  0.000000E+00 |             f
   114 |    22800 |     61 |  0.000000E+00 |  0.000000E+00 |  0.000000E+00 |             f
   115 |    23000 |     61 |  0.000000E+00 |  0.000000E+00 |  0.000000E+00 |             f
   116 |    23200 |     61 |  0.000000E+00 |  0.000000E+00 |  0.000000E+00 |             f
   117 |    23400 |     61 |  0.000000E+00 |  0.000000E+00 |  0.000000E+00 |             f
   118 |    23600 |     61 |  0.000000E+00 |  0.000000E+00 |  0.000000E+00 |             f
   119 |    23800 |     61 |  0.000000E+00 |  0.000000E+00 |  0.000000E+00 |             f
   120 |    24000 |     62 |  0.000000E+00 |  0.000000E+00 |  0.0010955739 |             f
   121 |    24200 |     62 |  0.000000E+00 |  0.000000E+00 |  0.0010955739 |             f
   122 |    24400 |     62 |  0.000000E+00 |  0.000000E+00 |  0.0010955739 |             f
   123 |    24600 |     62 |  0.000000E+00 |  0.000000E+00 |  0.0010955739 |             f
   124 |    24800 |     62 |  0.000000E+00 |  0.000000E+00 |  0.0010955739 |             f
   125 |    25000 |     62 |  0.000000E+00 |  0.000000E+00 |  0.0010955739 |             f
   126 |    25200 |     62 |  0.000000E+00 |  0.000000E+00 |  0.0010955739 |             f
   127 |    25400 |     62 |  0.000000E+00 |  0.000000E+00 |  0.0010955739 |             f
   128 |    25600 |     62 |  0.000000E+00 |  0.000000E+00 |  0.0010955739 |             f
   129 |    25800 |     62 |  0.000000E+00 |  0.000000E+00 |  0.0010955739 |             f
   130 |    26000 |     62 |  0.000000E+00 |  0.000000E+00 |  0.0010955739 |             f
   131 |    26200 |     62 |  0.000000E+00 |  0.000000E+00 |  0.0010955739 |             f
   132 |    26400 |     62 |  0.000000E+00 |  0.000000E+00 |  0.0010955739 |             f
   133 |    26600 |     62 |  0.000000E+00 |  0.000000E+00 |  0.0010955739 |             f
   134 |    26800 |     62 |  0.000000E+00 |  0.000000E+00 |  0.0010955739 |             f
   135 |    27000 |     62 |  0.000000E+00 |  0.000000E+00 |  0.0010955739 |             f
   136 |    27200 |     62 |  0.000000E+00 |  0.000000E+00 |  0.0010955739 |             f
   137 |    27400 |     62 |  0.000000E+00 |  0.000000E+00 |  0.0010955739 |             f
   138 |    27600 |     62 |  0.000000E+00 |  0.000000E+00 |  0.0010955739 |             f
   139 |    27800 |     62 |  0.000000E+00 |  0.000000E+00 |  0.0010955739 |             f
   140 |    28000 |     62 |  0.000000E+00 |  0.000000E+00 |  0.0010955739 |             f
   141 |    28200 |     62 |  0.000000E+00 |  0.000000E+00 |  0.0010955739 |             f
   142 |    28400 |     62 |  0.000000E+00 |  0.000000E+00 |  0.0010955739 |             f
   143 |    28600 |     62 |  0.000000E+00 |  0.000000E+00 |  0.0010955739 |             f
   144 |    28800 |     62 |  0.000000E+00 |  0.000000E+00 |  0.0010955739 |             f
   145 |    29000 |     62 |  0.000000E+00 |  0.000000E+00 |  0.0010955739 |             f
   146 |    29200 |     62 |  0.000000E+00 |  0.000000E+00 |  0.0010955739 |             f
   147 |    29400 |     62 |  0.000000E+00 |  0.000000E+00 |  0.0010955739 |             f
   148 |    29600 |     62 |  0.000000E+00 |  0.000000E+00 |  0.0010955739 |             f
   149 |    29800 |     62 |  0.000000E+00 |  0.000000E+00 |  0.0010955739 |             f
   150 |    30000 |     62 |  0.000000E+00 |  0.000000E+00 |  0.0010955739 |             f
   151 |    30200 |     62 |  0.000000E+00 |  0.000000E+00 |  0.0010955739 |             f
   152 |    30400 |     62 |  0.000000E+00 |  0.000000E+00 |  0.0010955739 |             f
   153 |    30600 |     62 |  0.000000E+00 |  0.000000E+00 |  0.0010955739 |             f
   154 |    30800 |     62 |  0.000000E+00 |  0.000000E+00 |  0.0010955739 |             f
   155 |    31000 |     62 |  0.000000E+00 |  0.000000E+00 |  0.0010955739 |             f
   156 |    31200 |     62 |  0.000000E+00 |  0.000000E+00 |  0.0010955739 |             f
   157 |    31400 |     62 |  0.000000E+00 |  0.000000E+00 |  0.0010955739 |             f
   158 |    31600 |     62 |  0.000000E+00 |  0.000000E+00 |  0.0010955739 |             f
   159 |    31800 |     62 |  0.000000E+00 |  0.000000E+00 |  0.0010955739 |             f
   160 |    32000 |     62 |  0.000000E+00 |  0.000000E+00 |  0.0010955739 |             f
   161 |    32200 |     62 |  0.000000E+00 |  0.000000E+00 |  0.0010955739 |             f
   162 |    32400 |     62 |  0.000000E+00 |  0.000000E+00 |  0.0010955739 |             f
   163 |    32600 |     62 |  0.000000E+00 |  0.000000E+00 |  0.0010955739 |             f
   164 |    32800 |     62 |  0.000000E+00 |  0.000000E+00 |  0.0010955739 |             f
   165 |    33000 |     62 |  0.000000E+00 |  0.000000E+00 |  0.0010955739 |             f
   166 |    33200 |     62 |  0.000000E+00 |  0.000000E+00 |  0.0010955739 |             f
   167 |    33400 |     62 |  0.000000E+00 |  0.000000E+00 |  0.0010955739 |             f
   168 |    33600 |     62 |  0.000000E+00 |  0.000000E+00 |  0.0010955739 |             f
   169 |    33800 |     62 |  0.000000E+00 |  0.000000E+00 |  0.0010955739 |             f
   170 |    34000 |     62 |  0.000000E+00 |  0.000000E+00 |  0.0010955739 |             f
   171 |    34200 |     62 |  0.000000E+00 |  0.000000E+00 |  0.0010955739 |             f
   172 |    34400 |     62 |  0.000000E+00 |  0.000000E+00 |  0.0010955739 |             f
   173 |    34600 |     62 |  0.000000E+00 |  0.000000E+00 |  0.0010955739 |             f
   174 |    34800 |     62 |  0.000000E+00 |  0.000000E+00 |  0.0010955739 |             f
   175 |    35000 |     62 |  0.000000E+00 |  0.000000E+00 |  0.0010955739 |             f
   176 |    35200 |     62 |  0.000000E+00 |  0.000000E+00 |  0.0010955739 |             f
   177 |    35400 |     62 |  0.000000E+00 |  0.000000E+00 |  0.0010955739 |             f
   178 |    35600 |     62 |  0.000000E+00 |  0.000000E+00 |  0.0010955739 |             f
   179 |    35800 |     62 |  0.000000E+00 |  0.000000E+00 |  0.0010955739 |             f
   180 |    36000 |     62 |  0.000000E+00 |  0.000000E+00 |  0.0010955739 |             f
   181 |    36200 |     62 |  0.000000E+00 |  0.000000E+00 |  0.0010955739 |             f
   182 |    36400 |     62 |  0.000000E+00 |  0.000000E+00 |  0.0010955739 |             f
   183 |    36600 |     62 |  0.000000E+00 |  0.000000E+00 |  0.0010955739 |             f
   184 |    36800 |     62 |  0.000000E+00 |  0.000000E+00 |  0.0010955739 |             f
   185 |    37000 |     62 |  0.000000E+00 |  0.000000E+00 |  0.0010955739 |             f
   186 |    37200 |     62 |  0.000000E+00 |  0.000000E+00 |  0.0010955739 |             f
   187 |    37400 |     62 |  0.000000E+00 |  0.000000E+00 |  0.0010955739 |             f
   188 |    37600 |     62 |  0.000000E+00 |  0.000000E+00 |  0.0010955739 |             f
   189 |    37800 |     62 |  0.000000E+00 |  0.000000E+00 |  0.0010955739 |             f
   190 |    38000 |     62 |  0.000000E+00 |  0.000000E+00 |  0.0010955739 |             f
   191 |    38200 |     62 |  0.000000E+00 |  0.000000E+00 |  0.0010955739 |             f
   192 |    38400 |     62 |  0.000000E+00 |  0.000000E+00 |  0.0010955739 |             f
   193 |    38600 |     62 |  0.000000E+00 |  0.000000E+00 |  0.0010955739 |             f
   194 |    38800 |     62 |  0.000000E+00 |  0.000000E+00 |  0.0010955739 |             f
   195 |    39000 |     62 |  0.000000E+00 |  0.000000E+00 |  0.0010955739 |             f
   196 |    39200 |     62 |  0.000000E+00 |  0.000000E+00 |  0.0010955739 |             f
   197 |    39400 |     62 |  0.000000E+00 |  0.000000E+00 |  0.0010955739 |             f
   198 |    39600 |     62 |  0.000000E+00 |  0.000000E+00 |  0.0010955739 |             f
   199 |    39800 |     62 |  0.000000E+00 |  0.000000E+00 |  0.0010955739 |             f
   200 |    40000 |     62 |  0.000000E+00 |  0.000000E+00 |  0.0010955739 |             f
   201 |    40200 |     62 |  0.000000E+00 |  0.000000E+00 |  0.0010955739 |             f
   202 |    40400 |     62 |  0.000000E+00 |  0.000000E+00 |  0.0010955739 |             f
   203 |    40600 |     62 |  0.000000E+00 |  0.000000E+00 |  0.0010955739 |             f
   204 |    40800 |     62 |  0.000000E+00 |  0.000000E+00 |  0.0010955739 |             f
   205 |    41000 |     62 |  0.000000E+00 |  0.000000E+00 |  0.0010955739 |             f
   206 |    41200 |     62 |  0.000000E+00 |  0.000000E+00 |  0.0010955739 |             f
   207 |    41400 |     62 |  0.000000E+00 |  0.000000E+00 |  0.0010955739 |             f
   208 |    41600 |     62 |  0.000000E+00 |  0.000000E+00 |  0.0010955739 |             f
   209 |    41800 |     62 |  0.000000E+00 |  0.000000E+00 |  0.0010955739 |             f
   210 |    42000 |     62 |  0.000000E+00 |  0.000000E+00 |  0.0010955739 |             f
   211 |    42200 |     62 |  0.000000E+00 |  0.000000E+00 |  0.0010955739 |             f
   212 |    42400 |     62 |  0.000000E+00 |  0.000000E+00 |  0.0010955739 |             f
   213 |    42600 |     62 |  0.000000E+00 |  0.000000E+00 |  0.0010955739 |             f
   214 |    42800 |     62 |  0.000000E+00 |  0.000000E+00 |  0.0010955739 |             f
   215 |    43000 |     62 |  0.000000E+00 |  0.000000E+00 |  0.0010955739 |             f
   216 |    43200 |     62 |  0.000000E+00 |  0.000000E+00 |  0.0010955739 |             f
   217 |    43400 |     62 |  0.000000E+00 |  0.000000E+00 |  0.0010955739 |             f
   218 |    43600 |     62 |  0.000000E+00 |  0.000000E+00 |  0.0010955739 |             f
   219 |    43800 |     62 |  0.000000E+00 |  0.000000E+00 |  0.0010955739 |             f
   220 |    44000 |     62 |  0.000000E+00 |  0.000000E+00 |  0.0010955739 |             f
   221 |    44200 |     62 |  0.000000E+00 |  0.000000E+00 |  0.0010955739 |             f
   222 |    44400 |     62 |  0.000000E+00 |  0.000000E+00 |  0.0010955739 |             f
   223 |    44600 |     62 |  0.000000E+00 |  0.000000E+00 |  0.0010955739 |             f
   224 |    44800 |     62 |  0.000000E+00 |  0.000000E+00 |  0.0010955739 |             f
   225 |    45000 |     62 |  0.000000E+00 |  0.000000E+00 |  0.0010955739 |             f
   226 |    45200 |     62 |  0.000000E+00 |  0.000000E+00 |  0.0010955739 |             f
   227 |    45400 |     62 |  0.000000E+00 |  0.000000E+00 |  0.0010955739 |             f
   228 |    45600 |     62 |  0.000000E+00 |  0.000000E+00 |  0.0010955739 |             f
   229 |    45800 |     62 |  0.000000E+00 |  0.000000E+00 |  0.0010955739 |             f
   230 |    46000 |     62 |  0.000000E+00 |  0.000000E+00 |  0.0010955739 |             f
   231 |    46200 |     62 |  0.000000E+00 |  0.000000E+00 |  0.0010955739 |             f
   232 |    46400 |     62 |  0.000000E+00 |  0.000000E+00 |  0.0010955739 |             f
   233 |    46600 |     62 |  0.000000E+00 |  0.000000E+00 |  0.0010955739 |             f
   234 |    46800 |     62 |  0.000000E+00 |  0.000000E+00 |  0.0010955739 |             f
   235 |    47000 |     62 |  0.000000E+00 |  0.000000E+00 |  0.0010955739 |             f
   236 |    47200 |     62 |  0.000000E+00 |  0.000000E+00 |  0.0010955739 |             f
   237 |    47400 |     62 |  0.000000E+00 |  0.000000E+00 |  0.0010955739 |             f
   238 |    47600 |     62 |  0.000000E+00 |  0.000000E+00 |  0.0010955739 |             f
   239 |    47800 |     62 |  0.000000E+00 |  0.000000E+00 |  0.0010955739 |             f
   240 |    48000 |     62 |  0.000000E+00 |  0.000000E+00 |  0.0010955739 |             f
   241 |    48200 |     62 |  0.000000E+00 |  0.000000E+00 |  0.0010955739 |             f
   242 |    48400 |     62 |  0.000000E+00 |  0.000000E+00 |  0.0010955739 |             f
   243 |    48600 |     62 |  0.000000E+00 |  0.000000E+00 |  0.0010955739 |             f
   244 |    48800 |     62 |  0.000000E+00 |  0.000000E+00 |  0.0010955739 |             f
   245 |    49000 |     62 |  0.000000E+00 |  0.000000E+00 |  0.0010955739 |             f
   246 |    49200 |     62 |  0.000000E+00 |  0.000000E+00 |  0.0010955739 |             f
   247 |    49400 |     62 |  0.000000E+00 |  0.000000E+00 |  0.0010955739 |             f
   248 |    49600 |     62 |  0.000000E+00 |  0.000000E+00 |  0.0010955739 |             f
   249 |    49800 |     62 |  0.000000E+00 |  0.000000E+00 |  0.0010955739 |             f
   250 |    50000 |     62 |  0.000000E+00 |  0.000000E+00 |  0.0010955739 |             f
   251 |    50200 |     62 |  0.000000E+00 |  0.000000E+00 |  0.0010955739 |             f
   252 |    50400 |     62 |  0.000000E+00 |  0.000000E+00 |  0.0010955739 |             f
   253 |    50600 |     62 |  0.000000E+00 |  0.000000E+00 |  0.0010955739 |             f
   254 |    50800 |     62 |  0.000000E+00 |  0.000000E+00 |  0.0010955739 |             f
   255 |    51000 |     62 |  0.000000E+00 |  0.000000E+00 |  0.0010955739 |             f
   256 |    51200 |     62 |  0.000000E+00 |  0.000000E+00 |  0.0010955739 |             f
   257 |    51400 |     62 |  0.000000E+00 |  0.000000E+00 |  0.0010955739 |             f
   258 |    51600 |     62 |  0.000000E+00 |  0.000000E+00 |  0.0010955739 |             f
   259 |    51800 |     62 |  0.000000E+00 |  0.000000E+00 |  0.0010955739 |             f
   260 |    52000 |     62 |  0.000000E+00 |  0.000000E+00 |  0.0010955739 |             f
   261 |    52200 |     62 |  0.000000E+00 |  0.000000E+00 |  0.0010955739 |             f
   262 |    52400 |     62 |  0.000000E+00 |  0.000000E+00 |  0.0010955739 |             f
   263 |    52600 |     62 |  0.000000E+00 |  0.000000E+00 |  0.0010955739 |             f
   264 |    52800 |     62 |  0.000000E+00 |  0.000000E+00 |  0.0010955739 |             f
   265 |    53000 |     62 |  0.000000E+00 |  0.000000E+00 |  0.0010955739 |             f
   266 |    53200 |     62 |  0.000000E+00 |  0.000000E+00 |  0.0010955739 |             f
   267 |    53400 |     62 |  0.000000E+00 |  0.000000E+00 |  0.0010955739 |             f
   268 |    53600 |     62 |  0.000000E+00 |  0.000000E+00 |  0.0010955739 |             f
   269 |    53800 |     62 |  0.000000E+00 |  0.000000E+00 |  0.0010955739 |             f
   270 |    54000 |     62 |  0.000000E+00 |  0.000000E+00 |  0.0010955739 |             f
   271 |    54200 |     62 |  0.000000E+00 |  0.000000E+00 |  0.0010955739 |             f
   272 |    54400 |     62 |  0.000000E+00 |  0.000000E+00 |  0.0010955739 |             f
   273 |    54600 |     62 |  0.000000E+00 |  0.000000E+00 |  0.0010955739 |             f
   274 |    54800 |     62 |  0.000000E+00 |  0.000000E+00 |  0.0010955739 |             f
   275 |    55000 |     62 |  0.000000E+00 |  0.000000E+00 |  0.0010955739 |             f
   276 |    55200 |     62 |  0.000000E+00 |  0.000000E+00 |  0.0010955739 |             f
   277 |    55400 |     62 |  0.000000E+00 |  0.000000E+00 |  0.0010955739 |             f
   278 |    55600 |     62 |  0.000000E+00 |  0.000000E+00 |  0.0010955739 |             f
   279 |    55800 |     62 |  0.000000E+00 |  0.000000E+00 |  0.0010955739 |             f
   280 |    56000 |     62 |  0.000000E+00 |  0.000000E+00 |  0.0010955739 |             f
   281 |    56200 |     62 |  0.000000E+00 |  0.000000E+00 |  0.0010955739 |             f
   282 |    56400 |     62 |  0.000000E+00 |  0.000000E+00 |  0.0010955739 |             f
   283 |    56600 |     62 |  0.000000E+00 |  0.000000E+00 |  0.0010955739 |             f
   284 |    56800 |     62 |  0.000000E+00 |  0.000000E+00 |  0.0010955739 |             f
   285 |    57000 |     62 |  0.000000E+00 |  0.000000E+00 |  0.0010955739 |             f
   286 |    57200 |     62 |  0.000000E+00 |  0.000000E+00 |  0.0010955739 |             f
   287 |    57400 |     62 |  0.000000E+00 |  0.000000E+00 |  0.0010955739 |             f
   288 |    57600 |     62 |  0.000000E+00 |  0.000000E+00 |  0.0010955739 |             f
   289 |    57800 |     62 |  0.000000E+00 |  0.000000E+00 |  0.0010955739 |             f
   290 |    58000 |     62 |  0.000000E+00 |  0.000000E+00 |  0.0010955739 |             f
   291 |    58200 |     62 |  0.000000E+00 |  0.000000E+00 |  0.0010955739 |             f
   292 |    58400 |     62 |  0.000000E+00 |  0.000000E+00 |  0.0010955739 |             f
   293 |    58600 |     62 |  0.000000E+00 |  0.000000E+00 |  0.0010955739 |             f
   294 |    58800 |     62 |  0.000000E+00 |  0.000000E+00 |  0.0010955739 |             f
   295 |    59000 |     62 |  0.000000E+00 |  0.000000E+00 |  0.0010955739 |             f
   296 |    59200 |     62 |  0.000000E+00 |  0.000000E+00 |  0.0010955739 |             f
   297 |    59400 |     62 |  0.000000E+00 |  0.000000E+00 |  0.0010955739 |             f
   298 |    59600 |     62 |  0.000000E+00 |  0.000000E+00 |  0.0010955739 |             f
   299 |    59800 |     62 |  0.000000E+00 |  0.000000E+00 |  0.0010955739 |             f
   300 |    60000 |     62 |  0.000000E+00 |  0.000000E+00 |  0.0010955739 |             f
